#Distance(Å) RDF at 10987
5.000000000000000104e-03	0.000000000000000000e+00
1.503584229390680926e-02	0.000000000000000000e+00
2.507168458781362103e-02	0.000000000000000000e+00
3.510752688172042585e-02	0.000000000000000000e+00
4.514336917562723761e-02	0.000000000000000000e+00
5.517921146953404937e-02	0.000000000000000000e+00
6.521505376344086113e-02	0.000000000000000000e+00
7.525089605734767984e-02	1.000000000000000000e+00
8.528673835125448466e-02	0.000000000000000000e+00
9.532258064516128948e-02	2.000000000000000000e+00
1.053584229390681082e-01	2.000000000000000000e+00
1.153942652329749130e-01	2.000000000000000000e+00
1.254301075268817178e-01	1.000000000000000000e+00
1.354659498207885227e-01	1.000000000000000000e+00
1.455017921146953552e-01	4.000000000000000000e+00
1.555376344086021601e-01	1.000000000000000000e+00
1.655734767025089649e-01	2.000000000000000000e+00
1.756093189964157697e-01	3.000000000000000000e+00
1.856451612903225745e-01	3.000000000000000000e+00
1.956810035842294071e-01	8.000000000000000000e+00
2.057168458781362119e-01	3.000000000000000000e+00
2.157526881720430167e-01	6.000000000000000000e+00
2.257885304659498216e-01	5.000000000000000000e+00
2.358243727598566264e-01	4.000000000000000000e+00
2.458602150537634312e-01	1.000000000000000000e+01
2.558960573476702360e-01	8.000000000000000000e+00
2.659318996415770409e-01	5.000000000000000000e+00
2.759677419354839012e-01	9.000000000000000000e+00
2.860035842293907060e-01	6.000000000000000000e+00
2.960394265232975108e-01	1.200000000000000000e+01
3.060752688172043157e-01	1.000000000000000000e+01
3.161111111111111205e-01	1.100000000000000000e+01
3.261469534050179253e-01	8.000000000000000000e+00
3.361827956989247301e-01	1.200000000000000000e+01
3.462186379928315350e-01	1.700000000000000000e+01
3.562544802867383398e-01	1.200000000000000000e+01
3.662903225806451446e-01	1.200000000000000000e+01
3.763261648745519494e-01	1.600000000000000000e+01
3.863620071684588098e-01	1.500000000000000000e+01
3.963978494623656146e-01	1.700000000000000000e+01
4.064336917562724194e-01	2.100000000000000000e+01
4.164695340501792242e-01	2.300000000000000000e+01
4.265053763440860291e-01	2.300000000000000000e+01
4.365412186379928339e-01	2.200000000000000000e+01
4.465770609318996387e-01	2.000000000000000000e+01
4.566129032258064435e-01	3.200000000000000000e+01
4.666487455197132483e-01	3.300000000000000000e+01
4.766845878136200532e-01	3.400000000000000000e+01
4.867204301075268580e-01	2.000000000000000000e+01
4.967562724014337183e-01	3.000000000000000000e+01
5.067921146953404676e-01	4.100000000000000000e+01
5.168279569892473280e-01	3.200000000000000000e+01
5.268637992831540773e-01	2.200000000000000000e+01
5.368996415770609376e-01	2.300000000000000000e+01
5.469354838709677979e-01	2.800000000000000000e+01
5.569713261648745473e-01	3.600000000000000000e+01
5.670071684587814076e-01	4.200000000000000000e+01
5.770430107526881569e-01	3.400000000000000000e+01
5.870788530465950172e-01	3.000000000000000000e+01
5.971146953405017666e-01	4.500000000000000000e+01
6.071505376344086269e-01	3.200000000000000000e+01
6.171863799283153762e-01	4.800000000000000000e+01
6.272222222222222365e-01	3.900000000000000000e+01
6.372580645161289858e-01	4.700000000000000000e+01
6.472939068100358462e-01	5.500000000000000000e+01
6.573297491039427065e-01	4.800000000000000000e+01
6.673655913978494558e-01	4.400000000000000000e+01
6.774014336917563162e-01	3.500000000000000000e+01
6.874372759856630655e-01	4.800000000000000000e+01
6.974731182795699258e-01	4.600000000000000000e+01
7.075089605734766751e-01	6.000000000000000000e+01
7.175448028673835354e-01	7.000000000000000000e+01
7.275806451612902848e-01	6.900000000000000000e+01
7.376164874551971451e-01	7.000000000000000000e+01
7.476523297491038944e-01	5.900000000000000000e+01
7.576881720430107547e-01	6.800000000000000000e+01
7.677240143369176151e-01	6.500000000000000000e+01
7.777598566308243644e-01	7.100000000000000000e+01
7.877956989247312247e-01	6.800000000000000000e+01
7.978315412186379740e-01	6.400000000000000000e+01
8.078673835125448344e-01	7.900000000000000000e+01
8.179032258064515837e-01	7.500000000000000000e+01
8.279390681003584440e-01	6.900000000000000000e+01
8.379749103942651933e-01	8.300000000000000000e+01
8.480107526881720537e-01	8.900000000000000000e+01
8.580465949820788030e-01	7.900000000000000000e+01
8.680824372759856633e-01	7.100000000000000000e+01
8.781182795698925236e-01	7.700000000000000000e+01
8.881541218637992730e-01	8.800000000000000000e+01
8.981899641577061333e-01	1.040000000000000000e+02
9.082258064516128826e-01	8.700000000000000000e+01
9.182616487455197429e-01	8.500000000000000000e+01
9.282974910394264922e-01	1.060000000000000000e+02
9.383333333333333526e-01	1.030000000000000000e+02
9.483691756272401019e-01	9.800000000000000000e+01
9.584050179211469622e-01	9.100000000000000000e+01
9.684408602150537115e-01	9.300000000000000000e+01
9.784767025089605719e-01	1.170000000000000000e+02
9.885125448028674322e-01	9.100000000000000000e+01
9.985483870967741815e-01	1.130000000000000000e+02
1.008584229390680820e+00	1.070000000000000000e+02
1.018620071684587680e+00	1.250000000000000000e+02
1.028655913978494540e+00	1.320000000000000000e+02
1.038691756272401401e+00	1.560000000000000000e+02
1.048727598566308039e+00	1.170000000000000000e+02
1.058763440860214899e+00	1.090000000000000000e+02
1.068799283154121760e+00	1.240000000000000000e+02
1.078835125448028620e+00	1.250000000000000000e+02
1.088870967741935480e+00	1.140000000000000000e+02
1.098906810035842119e+00	1.300000000000000000e+02
1.108942652329748979e+00	1.360000000000000000e+02
1.118978494623655839e+00	1.510000000000000000e+02
1.129014336917562700e+00	1.420000000000000000e+02
1.139050179211469338e+00	1.420000000000000000e+02
1.149086021505376198e+00	1.560000000000000000e+02
1.159121863799283059e+00	1.500000000000000000e+02
1.169157706093189919e+00	1.590000000000000000e+02
1.179193548387096557e+00	1.470000000000000000e+02
1.189229390681003418e+00	1.850000000000000000e+02
1.199265232974910278e+00	1.590000000000000000e+02
1.209301075268817138e+00	1.540000000000000000e+02
1.219336917562723999e+00	1.630000000000000000e+02
1.229372759856630637e+00	1.750000000000000000e+02
1.239408602150537497e+00	1.540000000000000000e+02
1.249444444444444358e+00	1.700000000000000000e+02
1.259480286738351218e+00	1.870000000000000000e+02
1.269516129032257856e+00	1.980000000000000000e+02
1.279551971326164717e+00	1.730000000000000000e+02
1.289587813620071577e+00	1.700000000000000000e+02
1.299623655913978437e+00	1.720000000000000000e+02
1.309659498207885298e+00	1.990000000000000000e+02
1.319695340501791936e+00	1.830000000000000000e+02
1.329731182795698796e+00	1.780000000000000000e+02
1.339767025089605657e+00	2.310000000000000000e+02
1.349802867383512517e+00	2.250000000000000000e+02
1.359838709677419155e+00	2.140000000000000000e+02
1.369874551971326015e+00	1.960000000000000000e+02
1.379910394265232876e+00	2.160000000000000000e+02
1.389946236559139736e+00	2.160000000000000000e+02
1.399982078853046596e+00	1.990000000000000000e+02
1.410017921146953235e+00	2.170000000000000000e+02
1.420053763440860095e+00	2.190000000000000000e+02
1.430089605734766955e+00	2.410000000000000000e+02
1.440125448028673816e+00	2.240000000000000000e+02
1.450161290322580454e+00	2.230000000000000000e+02
1.460197132616487314e+00	2.460000000000000000e+02
1.470232974910394175e+00	2.130000000000000000e+02
1.480268817204301035e+00	2.240000000000000000e+02
1.490304659498207673e+00	2.300000000000000000e+02
1.500340501792114534e+00	2.380000000000000000e+02
1.510376344086021394e+00	2.710000000000000000e+02
1.520412186379928254e+00	2.610000000000000000e+02
1.530448028673835115e+00	2.860000000000000000e+02
1.540483870967741753e+00	2.530000000000000000e+02
1.550519713261648613e+00	2.520000000000000000e+02
1.560555555555555474e+00	2.350000000000000000e+02
1.570591397849462334e+00	2.910000000000000000e+02
1.580627240143368972e+00	2.730000000000000000e+02
1.590663082437275833e+00	2.820000000000000000e+02
1.600698924731182693e+00	2.880000000000000000e+02
1.610734767025089553e+00	3.040000000000000000e+02
1.620770609318996414e+00	2.540000000000000000e+02
1.630806451612903052e+00	2.930000000000000000e+02
1.640842293906809912e+00	3.010000000000000000e+02
1.650878136200716773e+00	2.680000000000000000e+02
1.660913978494623633e+00	2.870000000000000000e+02
1.670949820788530271e+00	3.120000000000000000e+02
1.680985663082437132e+00	3.110000000000000000e+02
1.691021505376343992e+00	2.990000000000000000e+02
1.701057347670250852e+00	3.260000000000000000e+02
1.711093189964157490e+00	2.990000000000000000e+02
1.721129032258064351e+00	3.350000000000000000e+02
1.731164874551971211e+00	3.210000000000000000e+02
1.741200716845878071e+00	3.210000000000000000e+02
1.751236559139784932e+00	3.360000000000000000e+02
1.761272401433691570e+00	3.680000000000000000e+02
1.771308243727598430e+00	3.800000000000000000e+02
1.781344086021505291e+00	3.160000000000000000e+02
1.791379928315412151e+00	3.290000000000000000e+02
1.801415770609318789e+00	3.150000000000000000e+02
1.811451612903225650e+00	3.930000000000000000e+02
1.821487455197132510e+00	3.680000000000000000e+02
1.831523297491039370e+00	3.810000000000000000e+02
1.841559139784946231e+00	3.790000000000000000e+02
1.851594982078852869e+00	3.750000000000000000e+02
1.861630824372759729e+00	3.540000000000000000e+02
1.871666666666666590e+00	3.760000000000000000e+02
1.881702508960573450e+00	3.920000000000000000e+02
1.891738351254480088e+00	3.650000000000000000e+02
1.901774193548386949e+00	3.550000000000000000e+02
1.911810035842293809e+00	4.090000000000000000e+02
1.921845878136200669e+00	4.090000000000000000e+02
1.931881720430107308e+00	3.920000000000000000e+02
1.941917562724014168e+00	4.660000000000000000e+02
1.951953405017921028e+00	4.370000000000000000e+02
1.961989247311827889e+00	4.300000000000000000e+02
1.972025089605734749e+00	4.420000000000000000e+02
1.982060931899641387e+00	4.250000000000000000e+02
1.992096774193548248e+00	4.430000000000000000e+02
2.002132616487455330e+00	4.290000000000000000e+02
2.012168458781361746e+00	4.550000000000000000e+02
2.022204301075268607e+00	4.330000000000000000e+02
2.032240143369175467e+00	5.050000000000000000e+02
2.042275985663082327e+00	4.240000000000000000e+02
2.052311827956989188e+00	4.390000000000000000e+02
2.062347670250896048e+00	4.930000000000000000e+02
2.072383512544802908e+00	4.760000000000000000e+02
2.082419354838709769e+00	5.440000000000000000e+02
2.092455197132616185e+00	5.200000000000000000e+02
2.102491039426523045e+00	5.900000000000000000e+02
2.112526881720429905e+00	7.170000000000000000e+02
2.122562724014336766e+00	8.790000000000000000e+02
2.132598566308243626e+00	1.154000000000000000e+03
2.142634408602150486e+00	1.555000000000000000e+03
2.152670250896057347e+00	2.317000000000000000e+03
2.162706093189964207e+00	3.522000000000000000e+03
2.172741935483871067e+00	5.250000000000000000e+03
2.182777777777777484e+00	7.553000000000000000e+03
2.192813620071684344e+00	1.086400000000000000e+04
2.202849462365591204e+00	1.572100000000000000e+04
2.212885304659498065e+00	2.193800000000000000e+04
2.222921146953404925e+00	3.037800000000000000e+04
2.232956989247311785e+00	4.130600000000000000e+04
2.242992831541218646e+00	5.472700000000000000e+04
2.253028673835125506e+00	7.199200000000000000e+04
2.263064516129032366e+00	9.307700000000000000e+04
2.273100358422938783e+00	1.187510000000000000e+05
2.283136200716845643e+00	1.484450000000000000e+05
2.293172043010752503e+00	1.838600000000000000e+05
2.303207885304659364e+00	2.230670000000000000e+05
2.313243727598566224e+00	2.709790000000000000e+05
2.323279569892473084e+00	3.224650000000000000e+05
2.333315412186379945e+00	3.802050000000000000e+05
2.343351254480286805e+00	4.439410000000000000e+05
2.353387096774193221e+00	5.115160000000000000e+05
2.363422939068100082e+00	5.860990000000000000e+05
2.373458781362006942e+00	6.657170000000000000e+05
2.383494623655913802e+00	7.473470000000000000e+05
2.393530465949820663e+00	8.379790000000000000e+05
2.403566308243727523e+00	9.284280000000000000e+05
2.413602150537634383e+00	1.021193000000000000e+06
2.423637992831541244e+00	1.119562000000000000e+06
2.433673835125448104e+00	1.219280000000000000e+06
2.443709677419354520e+00	1.317120000000000000e+06
2.453745519713261380e+00	1.416444000000000000e+06
2.463781362007168241e+00	1.515209000000000000e+06
2.473817204301075101e+00	1.615634000000000000e+06
2.483853046594981961e+00	1.709558000000000000e+06
2.493888888888888822e+00	1.810400000000000000e+06
2.503924731182795682e+00	1.902812000000000000e+06
2.513960573476702542e+00	1.993317000000000000e+06
2.523996415770609403e+00	2.082606000000000000e+06
2.534032258064515819e+00	2.168899000000000000e+06
2.544068100358422679e+00	2.252311000000000000e+06
2.554103942652329540e+00	2.328723000000000000e+06
2.564139784946236400e+00	2.407038000000000000e+06
2.574175627240143260e+00	2.476245000000000000e+06
2.584211469534050121e+00	2.544323000000000000e+06
2.594247311827956981e+00	2.605294000000000000e+06
2.604283154121863841e+00	2.665773000000000000e+06
2.614318996415770702e+00	2.721668000000000000e+06
2.624354838709677118e+00	2.773238000000000000e+06
2.634390681003583978e+00	2.818002000000000000e+06
2.644426523297490839e+00	2.866784000000000000e+06
2.654462365591397699e+00	2.905752000000000000e+06
2.664498207885304559e+00	2.945107000000000000e+06
2.674534050179211420e+00	2.980517000000000000e+06
2.684569892473118280e+00	3.011743000000000000e+06
2.694605734767025140e+00	3.038813000000000000e+06
2.704641577060932001e+00	3.070151000000000000e+06
2.714677419354838417e+00	3.088669000000000000e+06
2.724713261648745277e+00	3.111170000000000000e+06
2.734749103942652138e+00	3.127740000000000000e+06
2.744784946236558998e+00	3.144359000000000000e+06
2.754820788530465858e+00	3.159519000000000000e+06
2.764856630824372719e+00	3.167509000000000000e+06
2.774892473118279579e+00	3.185053000000000000e+06
2.784928315412186439e+00	3.188756000000000000e+06
2.794964157706093300e+00	3.199905000000000000e+06
2.804999999999999716e+00	3.205564000000000000e+06
