4.795535714285714853e-03	0.000000000000000000e+00
1.440379544290834590e-02	0.000000000000000000e+00
2.401205517153097782e-02	0.000000000000000000e+00
3.362031490015360974e-02	0.000000000000000000e+00
4.322857462877624513e-02	0.000000000000000000e+00
5.283683435739887357e-02	0.000000000000000000e+00
6.244509408602150896e-02	0.000000000000000000e+00
7.205335381464414435e-02	1.000000000000000000e+00
8.166161354326677280e-02	0.000000000000000000e+00
9.126987327188940125e-02	0.000000000000000000e+00
1.008781330005120297e-01	5.000000000000000000e+00
1.104863927291346720e-01	2.000000000000000000e+00
1.200946524577573005e-01	2.000000000000000000e+00
1.297029121863799150e-01	2.000000000000000000e+00
1.393111719150025574e-01	2.000000000000000000e+00
1.489194316436251719e-01	3.000000000000000000e+00
1.585276913722478143e-01	3.000000000000000000e+00
1.681359511008704566e-01	1.000000000000000000e+00
1.777442108294930712e-01	4.000000000000000000e+00
1.873524705581157135e-01	5.000000000000000000e+00
1.969607302867383281e-01	8.000000000000000000e+00
2.065689900153609704e-01	2.000000000000000000e+00
2.161772497439836127e-01	1.200000000000000000e+01
2.257855094726062273e-01	6.000000000000000000e+00
2.353937692012288696e-01	5.000000000000000000e+00
2.450020289298515119e-01	1.400000000000000000e+01
2.546102886584741265e-01	7.000000000000000000e+00
2.642185483870967411e-01	8.000000000000000000e+00
2.738268081157194112e-01	1.500000000000000000e+01
2.834350678443420257e-01	9.000000000000000000e+00
2.930433275729646403e-01	1.300000000000000000e+01
3.026515873015873104e-01	1.600000000000000000e+01
3.122598470302099249e-01	1.500000000000000000e+01
3.218681067588325395e-01	1.200000000000000000e+01
3.314763664874552096e-01	1.600000000000000000e+01
3.410846262160778242e-01	1.500000000000000000e+01
3.506928859447004387e-01	1.900000000000000000e+01
3.603011456733231088e-01	1.100000000000000000e+01
3.699094054019457234e-01	1.900000000000000000e+01
3.795176651305683380e-01	2.100000000000000000e+01
3.891259248591909525e-01	2.100000000000000000e+01
3.987341845878136226e-01	2.900000000000000000e+01
4.083424443164362372e-01	2.100000000000000000e+01
4.179507040450588518e-01	3.200000000000000000e+01
4.275589637736815218e-01	2.900000000000000000e+01
4.371672235023041364e-01	2.800000000000000000e+01
4.467754832309267510e-01	2.500000000000000000e+01
4.563837429595494211e-01	3.500000000000000000e+01
4.659920026881720356e-01	3.700000000000000000e+01
4.756002624167946502e-01	4.200000000000000000e+01
4.852085221454173203e-01	2.500000000000000000e+01
4.948167818740399349e-01	3.600000000000000000e+01
5.044250416026625494e-01	4.300000000000000000e+01
5.140333013312852195e-01	4.500000000000000000e+01
5.236415610599077786e-01	3.400000000000000000e+01
5.332498207885304486e-01	2.700000000000000000e+01
5.428580805171531187e-01	4.500000000000000000e+01
5.524663402457756778e-01	4.000000000000000000e+01
5.620745999743983479e-01	4.200000000000000000e+01
5.716828597030210179e-01	5.100000000000000000e+01
5.812911194316435770e-01	4.900000000000000000e+01
5.908993791602662471e-01	5.600000000000000000e+01
6.005076388888889172e-01	4.900000000000000000e+01
6.101158986175114762e-01	4.900000000000000000e+01
6.197241583461341463e-01	5.400000000000000000e+01
6.293324180747568164e-01	5.200000000000000000e+01
6.389406778033793755e-01	7.200000000000000000e+01
6.485489375320020455e-01	5.900000000000000000e+01
6.581571972606247156e-01	6.600000000000000000e+01
6.677654569892472747e-01	5.700000000000000000e+01
6.773737167178699448e-01	3.900000000000000000e+01
6.869819764464926148e-01	7.000000000000000000e+01
6.965902361751151739e-01	6.000000000000000000e+01
7.061984959037378440e-01	7.100000000000000000e+01
7.158067556323605141e-01	8.500000000000000000e+01
7.254150153609830731e-01	8.000000000000000000e+01
7.350232750896057432e-01	8.800000000000000000e+01
7.446315348182284133e-01	7.700000000000000000e+01
7.542397945468509723e-01	7.400000000000000000e+01
7.638480542754736424e-01	8.500000000000000000e+01
7.734563140040962015e-01	9.600000000000000000e+01
7.830645737327188716e-01	9.900000000000000000e+01
7.926728334613415416e-01	7.700000000000000000e+01
8.022810931899641007e-01	9.300000000000000000e+01
8.118893529185867708e-01	9.400000000000000000e+01
8.214976126472094409e-01	9.600000000000000000e+01
8.311058723758319999e-01	8.600000000000000000e+01
8.407141321044546700e-01	1.020000000000000000e+02
8.503223918330773401e-01	1.020000000000000000e+02
8.599306515616998992e-01	9.700000000000000000e+01
8.695389112903225692e-01	9.400000000000000000e+01
8.791471710189452393e-01	1.040000000000000000e+02
8.887554307475677984e-01	1.050000000000000000e+02
8.983636904761904685e-01	1.290000000000000000e+02
9.079719502048131385e-01	1.170000000000000000e+02
9.175802099334356976e-01	1.090000000000000000e+02
9.271884696620583677e-01	1.320000000000000000e+02
9.367967293906810378e-01	1.280000000000000000e+02
9.464049891193035968e-01	1.210000000000000000e+02
9.560132488479262669e-01	1.270000000000000000e+02
9.656215085765489370e-01	1.030000000000000000e+02
9.752297683051714960e-01	1.480000000000000000e+02
9.848380280337941661e-01	1.550000000000000000e+02
9.944462877624168362e-01	1.300000000000000000e+02
1.004054547491039395e+00	1.360000000000000000e+02
1.013662807219662065e+00	1.500000000000000000e+02
1.023271066948284735e+00	1.750000000000000000e+02
1.032879326676907406e+00	1.900000000000000000e+02
1.042487586405529854e+00	1.580000000000000000e+02
1.052095846134152524e+00	1.330000000000000000e+02
1.061704105862775194e+00	1.480000000000000000e+02
1.071312365591397864e+00	1.730000000000000000e+02
1.080920625320020534e+00	1.490000000000000000e+02
1.090528885048643204e+00	1.480000000000000000e+02
1.100137144777265652e+00	1.810000000000000000e+02
1.109745404505888322e+00	1.840000000000000000e+02
1.119353664234510992e+00	1.780000000000000000e+02
1.128961923963133662e+00	1.720000000000000000e+02
1.138570183691756332e+00	1.930000000000000000e+02
1.148178443420379002e+00	2.000000000000000000e+02
1.157786703149001450e+00	2.030000000000000000e+02
1.167394962877624121e+00	1.980000000000000000e+02
1.177003222606246791e+00	1.900000000000000000e+02
1.186611482334869461e+00	2.320000000000000000e+02
1.196219742063492131e+00	2.240000000000000000e+02
1.205828001792114801e+00	1.800000000000000000e+02
1.215436261520737249e+00	2.160000000000000000e+02
1.225044521249359919e+00	2.090000000000000000e+02
1.234652780977982589e+00	2.170000000000000000e+02
1.244261040706605259e+00	2.120000000000000000e+02
1.253869300435227929e+00	2.070000000000000000e+02
1.263477560163850377e+00	2.530000000000000000e+02
1.273085819892473047e+00	2.420000000000000000e+02
1.282694079621095717e+00	2.200000000000000000e+02
1.292302339349718387e+00	2.340000000000000000e+02
1.301910599078341058e+00	2.200000000000000000e+02
1.311518858806963728e+00	2.390000000000000000e+02
1.321127118535586176e+00	2.360000000000000000e+02
1.330735378264208846e+00	2.600000000000000000e+02
1.340343637992831516e+00	2.880000000000000000e+02
1.349951897721454186e+00	2.900000000000000000e+02
1.359560157450076856e+00	2.540000000000000000e+02
1.369168417178699526e+00	2.660000000000000000e+02
1.378776676907321974e+00	2.560000000000000000e+02
1.388384936635944644e+00	2.840000000000000000e+02
1.397993196364567314e+00	2.570000000000000000e+02
1.407601456093189984e+00	2.830000000000000000e+02
1.417209715821812654e+00	2.690000000000000000e+02
1.426817975550435325e+00	3.040000000000000000e+02
1.436426235279057773e+00	2.760000000000000000e+02
1.446034495007680443e+00	2.950000000000000000e+02
1.455642754736303113e+00	3.090000000000000000e+02
1.465251014464925783e+00	2.950000000000000000e+02
1.474859274193548453e+00	3.030000000000000000e+02
1.484467533922171123e+00	2.800000000000000000e+02
1.494075793650793571e+00	3.110000000000000000e+02
1.503684053379416241e+00	3.250000000000000000e+02
1.513292313108038911e+00	3.360000000000000000e+02
1.522900572836661581e+00	3.470000000000000000e+02
1.532508832565284251e+00	3.630000000000000000e+02
1.542117092293906699e+00	3.130000000000000000e+02
1.551725352022529369e+00	3.120000000000000000e+02
1.561333611751152040e+00	3.560000000000000000e+02
1.570941871479774710e+00	3.630000000000000000e+02
1.580550131208397380e+00	3.290000000000000000e+02
1.590158390937020050e+00	3.840000000000000000e+02
1.599766650665642498e+00	3.510000000000000000e+02
1.609374910394265168e+00	3.920000000000000000e+02
1.618983170122887838e+00	3.420000000000000000e+02
1.628591429851510508e+00	3.580000000000000000e+02
1.638199689580133178e+00	3.950000000000000000e+02
1.647807949308755848e+00	3.700000000000000000e+02
1.657416209037378296e+00	3.620000000000000000e+02
1.667024468766000966e+00	3.870000000000000000e+02
1.676632728494623636e+00	3.990000000000000000e+02
1.686240988223246307e+00	3.820000000000000000e+02
1.695849247951868977e+00	4.140000000000000000e+02
1.705457507680491647e+00	4.030000000000000000e+02
1.715065767409114095e+00	3.940000000000000000e+02
1.724674027137736765e+00	3.850000000000000000e+02
1.734282286866359435e+00	4.310000000000000000e+02
1.743890546594982105e+00	3.900000000000000000e+02
1.753498806323604775e+00	4.390000000000000000e+02
1.763107066052227445e+00	4.730000000000000000e+02
1.772715325780849893e+00	4.310000000000000000e+02
1.782323585509472563e+00	4.150000000000000000e+02
1.791931845238095233e+00	4.400000000000000000e+02
1.801540104966717903e+00	4.250000000000000000e+02
1.811148364695340574e+00	4.630000000000000000e+02
1.820756624423963244e+00	4.680000000000000000e+02
1.830364884152585692e+00	4.480000000000000000e+02
1.839973143881208362e+00	4.870000000000000000e+02
1.849581403609831032e+00	4.720000000000000000e+02
1.859189663338453702e+00	4.690000000000000000e+02
1.868797923067076372e+00	4.810000000000000000e+02
1.878406182795698820e+00	5.030000000000000000e+02
1.888014442524321490e+00	4.720000000000000000e+02
1.897622702252944160e+00	4.920000000000000000e+02
1.907230961981566830e+00	5.170000000000000000e+02
1.916839221710189500e+00	5.280000000000000000e+02
1.926447481438812170e+00	5.200000000000000000e+02
1.936055741167434618e+00	5.770000000000000000e+02
1.945664000896057289e+00	5.350000000000000000e+02
1.955272260624679959e+00	5.400000000000000000e+02
1.964880520353302629e+00	5.240000000000000000e+02
1.974488780081925299e+00	5.290000000000000000e+02
1.984097039810547969e+00	5.680000000000000000e+02
1.993705299539170417e+00	5.890000000000000000e+02
2.003313559267793309e+00	5.270000000000000000e+02
2.012921818996415979e+00	6.030000000000000000e+02
2.022530078725038649e+00	5.900000000000000000e+02
2.032138338453661319e+00	6.210000000000000000e+02
2.041746598182283989e+00	5.270000000000000000e+02
2.051354857910906659e+00	6.110000000000000000e+02
2.060963117639529329e+00	6.490000000000000000e+02
2.070571377368152000e+00	6.320000000000000000e+02
2.080179637096774226e+00	6.450000000000000000e+02
2.089787896825396896e+00	6.880000000000000000e+02
2.099396156554019566e+00	7.600000000000000000e+02
2.109004416282642236e+00	9.000000000000000000e+02
2.118612676011264906e+00	1.074000000000000000e+03
2.128220935739887576e+00	1.408000000000000000e+03
2.137829195468510246e+00	1.914000000000000000e+03
2.147437455197132916e+00	2.713000000000000000e+03
2.157045714925755586e+00	3.985000000000000000e+03
2.166653974654378256e+00	5.882000000000000000e+03
2.176262234383000926e+00	8.427000000000000000e+03
2.185870494111623152e+00	1.189600000000000000e+04
2.195478753840245822e+00	1.692900000000000000e+04
2.205087013568868493e+00	2.389900000000000000e+04
2.214695273297491163e+00	3.251100000000000000e+04
2.224303533026113833e+00	4.358800000000000000e+04
2.233911792754736503e+00	5.808100000000000000e+04
2.243520052483359173e+00	7.589400000000000000e+04
2.253128312211981843e+00	9.790200000000000000e+04
2.262736571940604513e+00	1.240780000000000000e+05
2.272344831669227183e+00	1.564640000000000000e+05
2.281953091397849853e+00	1.926990000000000000e+05
2.291561351126472523e+00	2.348850000000000000e+05
2.301169610855094749e+00	2.836580000000000000e+05
2.310777870583717419e+00	3.396930000000000000e+05
2.320386130312340089e+00	4.009620000000000000e+05
2.329994390040962760e+00	4.691200000000000000e+05
2.339602649769585430e+00	5.440360000000000000e+05
2.349210909498208100e+00	6.228360000000000000e+05
2.358819169226830770e+00	7.098420000000000000e+05
2.368427428955453440e+00	8.022210000000000000e+05
2.378035688684076110e+00	8.980100000000000000e+05
2.387643948412698780e+00	1.001541000000000000e+06
2.397252208141321450e+00	1.107811000000000000e+06
2.406860467869944120e+00	1.215294000000000000e+06
2.416468727598566346e+00	1.328973000000000000e+06
2.426076987327189016e+00	1.443560000000000000e+06
2.435685247055811686e+00	1.558971000000000000e+06
2.445293506784434356e+00	1.673243000000000000e+06
2.454901766513057026e+00	1.790886000000000000e+06
2.464510026241679697e+00	1.905128000000000000e+06
2.474118285970302367e+00	2.020361000000000000e+06
2.483726545698925037e+00	2.132633000000000000e+06
2.493334805427547707e+00	2.246895000000000000e+06
2.502943065156170377e+00	2.352136000000000000e+06
2.512551324884793047e+00	2.459573000000000000e+06
2.522159584613415273e+00	2.562515000000000000e+06
2.531767844342037943e+00	2.661642000000000000e+06
2.541376104070660613e+00	2.759149000000000000e+06
2.550984363799283283e+00	2.846043000000000000e+06
2.560592623527905953e+00	2.936902000000000000e+06
2.570200883256528623e+00	3.016163000000000000e+06
2.579809142985151293e+00	3.094926000000000000e+06
2.589417402713773964e+00	3.167232000000000000e+06
2.599025662442396634e+00	3.236727000000000000e+06
2.608633922171019304e+00	3.305125000000000000e+06
2.618242181899641974e+00	3.364587000000000000e+06
2.627850441628264644e+00	3.418520000000000000e+06
2.637458701356886870e+00	3.471462000000000000e+06
2.647066961085509540e+00	3.523247000000000000e+06
2.656675220814132210e+00	3.567635000000000000e+06
2.666283480542754880e+00	3.607835000000000000e+06
2.675891740271377550e+00	3.646899000000000000e+06
2.685500000000000220e+00	3.682481000000000000e+06
