5.283928571428570496e-03	0.000000000000000000e+00
1.587072452636968667e-02	0.000000000000000000e+00
2.645752048131080197e-02	0.000000000000000000e+00
3.704431643625191728e-02	0.000000000000000000e+00
4.763111239119303258e-02	0.000000000000000000e+00
5.821790834613414789e-02	0.000000000000000000e+00
6.880470430107525626e-02	0.000000000000000000e+00
7.939150025601637850e-02	0.000000000000000000e+00
8.997829621095748687e-02	0.000000000000000000e+00
1.005650921658985952e-01	0.000000000000000000e+00
1.111518881208397175e-01	0.000000000000000000e+00
1.217386840757808397e-01	0.000000000000000000e+00
1.323254800307219481e-01	0.000000000000000000e+00
1.429122759856630565e-01	0.000000000000000000e+00
1.534990719406041926e-01	0.000000000000000000e+00
1.640858678955453009e-01	0.000000000000000000e+00
1.746726638504864093e-01	0.000000000000000000e+00
1.852594598054275177e-01	0.000000000000000000e+00
1.958462557603686260e-01	0.000000000000000000e+00
2.064330517153097622e-01	0.000000000000000000e+00
2.170198476702508705e-01	0.000000000000000000e+00
2.276066436251919789e-01	0.000000000000000000e+00
2.381934395801331150e-01	0.000000000000000000e+00
2.487802355350742234e-01	0.000000000000000000e+00
2.593670314900153318e-01	0.000000000000000000e+00
2.699538274449564401e-01	0.000000000000000000e+00
2.805406233998975485e-01	0.000000000000000000e+00
2.911274193548386569e-01	0.000000000000000000e+00
3.017142153097798207e-01	0.000000000000000000e+00
3.123010112647209291e-01	0.000000000000000000e+00
3.228878072196620375e-01	0.000000000000000000e+00
3.334746031746031458e-01	0.000000000000000000e+00
3.440613991295442542e-01	0.000000000000000000e+00
3.546481950844853626e-01	0.000000000000000000e+00
3.652349910394264709e-01	0.000000000000000000e+00
3.758217869943675793e-01	0.000000000000000000e+00
3.864085829493086877e-01	0.000000000000000000e+00
3.969953789042498515e-01	0.000000000000000000e+00
4.075821748591909599e-01	0.000000000000000000e+00
4.181689708141320683e-01	0.000000000000000000e+00
4.287557667690731766e-01	0.000000000000000000e+00
4.393425627240142850e-01	0.000000000000000000e+00
4.499293586789553934e-01	0.000000000000000000e+00
4.605161546338965017e-01	0.000000000000000000e+00
4.711029505888376656e-01	0.000000000000000000e+00
4.816897465437787740e-01	0.000000000000000000e+00
4.922765424987198823e-01	0.000000000000000000e+00
5.028633384536610462e-01	0.000000000000000000e+00
5.134501344086020991e-01	0.000000000000000000e+00
5.240369303635432630e-01	0.000000000000000000e+00
5.346237263184843158e-01	0.000000000000000000e+00
5.452105222734254797e-01	0.000000000000000000e+00
5.557973182283665325e-01	0.000000000000000000e+00
5.663841141833076964e-01	0.000000000000000000e+00
5.769709101382487493e-01	0.000000000000000000e+00
5.875577060931899132e-01	0.000000000000000000e+00
5.981445020481310770e-01	0.000000000000000000e+00
6.087312980030721299e-01	0.000000000000000000e+00
6.193180939580132938e-01	0.000000000000000000e+00
6.299048899129543466e-01	0.000000000000000000e+00
6.404916858678955105e-01	0.000000000000000000e+00
6.510784818228365634e-01	0.000000000000000000e+00
6.616652777777777272e-01	0.000000000000000000e+00
6.722520737327187801e-01	0.000000000000000000e+00
6.828388696876599440e-01	0.000000000000000000e+00
6.934256656426011078e-01	0.000000000000000000e+00
7.040124615975421607e-01	0.000000000000000000e+00
7.145992575524833246e-01	0.000000000000000000e+00
7.251860535074243774e-01	0.000000000000000000e+00
7.357728494623655413e-01	0.000000000000000000e+00
7.463596454173065942e-01	0.000000000000000000e+00
7.569464413722477580e-01	0.000000000000000000e+00
7.675332373271888109e-01	0.000000000000000000e+00
7.781200332821299748e-01	0.000000000000000000e+00
7.887068292370711386e-01	0.000000000000000000e+00
7.992936251920121915e-01	0.000000000000000000e+00
8.098804211469533554e-01	0.000000000000000000e+00
8.204672171018944082e-01	0.000000000000000000e+00
8.310540130568355721e-01	0.000000000000000000e+00
8.416408090117766250e-01	0.000000000000000000e+00
8.522276049667177888e-01	0.000000000000000000e+00
8.628144009216589527e-01	0.000000000000000000e+00
8.734011968766000056e-01	0.000000000000000000e+00
8.839879928315411695e-01	0.000000000000000000e+00
8.945747887864822223e-01	0.000000000000000000e+00
9.051615847414233862e-01	0.000000000000000000e+00
9.157483806963644390e-01	0.000000000000000000e+00
9.263351766513056029e-01	0.000000000000000000e+00
9.369219726062467668e-01	0.000000000000000000e+00
9.475087685611878197e-01	0.000000000000000000e+00
9.580955645161289835e-01	0.000000000000000000e+00
9.686823604710700364e-01	0.000000000000000000e+00
9.792691564260112003e-01	0.000000000000000000e+00
9.898559523809522531e-01	0.000000000000000000e+00
1.000442748335893528e+00	0.000000000000000000e+00
1.011029544290834581e+00	0.000000000000000000e+00
1.021616340245775634e+00	0.000000000000000000e+00
1.032203136200716687e+00	0.000000000000000000e+00
1.042789932155657961e+00	0.000000000000000000e+00
1.053376728110599014e+00	0.000000000000000000e+00
1.063963524065540067e+00	0.000000000000000000e+00
1.074550320020481120e+00	0.000000000000000000e+00
1.085137115975422395e+00	0.000000000000000000e+00
1.095723911930363448e+00	0.000000000000000000e+00
1.106310707885304501e+00	0.000000000000000000e+00
1.116897503840245776e+00	0.000000000000000000e+00
1.127484299795186828e+00	0.000000000000000000e+00
1.138071095750127881e+00	0.000000000000000000e+00
1.148657891705068934e+00	0.000000000000000000e+00
1.159244687660010209e+00	0.000000000000000000e+00
1.169831483614951262e+00	0.000000000000000000e+00
1.180418279569892315e+00	0.000000000000000000e+00
1.191005075524833590e+00	0.000000000000000000e+00
1.201591871479774642e+00	0.000000000000000000e+00
1.212178667434715695e+00	0.000000000000000000e+00
1.222765463389656748e+00	0.000000000000000000e+00
1.233352259344598023e+00	0.000000000000000000e+00
1.243939055299539076e+00	0.000000000000000000e+00
1.254525851254480129e+00	0.000000000000000000e+00
1.265112647209421182e+00	0.000000000000000000e+00
1.275699443164362457e+00	0.000000000000000000e+00
1.286286239119303509e+00	0.000000000000000000e+00
1.296873035074244562e+00	0.000000000000000000e+00
1.307459831029185837e+00	0.000000000000000000e+00
1.318046626984126890e+00	0.000000000000000000e+00
1.328633422939067943e+00	0.000000000000000000e+00
1.339220218894008996e+00	0.000000000000000000e+00
1.349807014848950271e+00	0.000000000000000000e+00
1.360393810803891324e+00	0.000000000000000000e+00
1.370980606758832376e+00	0.000000000000000000e+00
1.381567402713773651e+00	0.000000000000000000e+00
1.392154198668714704e+00	0.000000000000000000e+00
1.402740994623655757e+00	0.000000000000000000e+00
1.413327790578596810e+00	0.000000000000000000e+00
1.423914586533538085e+00	0.000000000000000000e+00
1.434501382488479138e+00	0.000000000000000000e+00
1.445088178443420190e+00	0.000000000000000000e+00
1.455674974398361465e+00	0.000000000000000000e+00
1.466261770353302518e+00	0.000000000000000000e+00
1.476848566308243571e+00	0.000000000000000000e+00
1.487435362263184624e+00	0.000000000000000000e+00
1.498022158218125899e+00	0.000000000000000000e+00
1.508608954173066952e+00	0.000000000000000000e+00
1.519195750128008005e+00	0.000000000000000000e+00
1.529782546082949057e+00	0.000000000000000000e+00
1.540369342037890332e+00	0.000000000000000000e+00
1.550956137992831385e+00	0.000000000000000000e+00
1.561542933947772438e+00	0.000000000000000000e+00
1.572129729902713713e+00	0.000000000000000000e+00
1.582716525857654766e+00	0.000000000000000000e+00
1.593303321812595819e+00	0.000000000000000000e+00
1.603890117767536871e+00	0.000000000000000000e+00
1.614476913722478146e+00	0.000000000000000000e+00
1.625063709677419199e+00	0.000000000000000000e+00
1.635650505632360252e+00	0.000000000000000000e+00
1.646237301587301527e+00	0.000000000000000000e+00
1.656824097542242580e+00	0.000000000000000000e+00
1.667410893497183633e+00	0.000000000000000000e+00
1.677997689452124686e+00	0.000000000000000000e+00
1.688584485407065960e+00	0.000000000000000000e+00
1.699171281362007013e+00	0.000000000000000000e+00
1.709758077316948066e+00	0.000000000000000000e+00
1.720344873271889341e+00	0.000000000000000000e+00
1.730931669226830394e+00	0.000000000000000000e+00
1.741518465181771447e+00	0.000000000000000000e+00
1.752105261136712500e+00	0.000000000000000000e+00
1.762692057091653774e+00	0.000000000000000000e+00
1.773278853046594827e+00	0.000000000000000000e+00
1.783865649001535880e+00	0.000000000000000000e+00
1.794452444956477155e+00	0.000000000000000000e+00
1.805039240911418208e+00	0.000000000000000000e+00
1.815626036866359261e+00	0.000000000000000000e+00
1.826212832821300314e+00	0.000000000000000000e+00
1.836799628776241589e+00	0.000000000000000000e+00
1.847386424731182641e+00	0.000000000000000000e+00
1.857973220686123694e+00	0.000000000000000000e+00
1.868560016641064969e+00	0.000000000000000000e+00
1.879146812596006022e+00	0.000000000000000000e+00
1.889733608550947075e+00	0.000000000000000000e+00
1.900320404505888128e+00	0.000000000000000000e+00
1.910907200460829403e+00	0.000000000000000000e+00
1.921493996415770455e+00	0.000000000000000000e+00
1.932080792370711508e+00	0.000000000000000000e+00
1.942667588325652561e+00	0.000000000000000000e+00
1.953254384280593836e+00	0.000000000000000000e+00
1.963841180235534889e+00	0.000000000000000000e+00
1.974427976190475942e+00	0.000000000000000000e+00
1.985014772145417217e+00	0.000000000000000000e+00
1.995601568100358270e+00	0.000000000000000000e+00
2.006188364055299544e+00	0.000000000000000000e+00
2.016775160010240597e+00	0.000000000000000000e+00
2.027361955965181650e+00	0.000000000000000000e+00
2.037948751920122703e+00	0.000000000000000000e+00
2.048535547875063756e+00	0.000000000000000000e+00
2.059122343830004809e+00	0.000000000000000000e+00
2.069709139784945862e+00	0.000000000000000000e+00
2.080295935739887359e+00	0.000000000000000000e+00
2.090882731694828411e+00	0.000000000000000000e+00
2.101469527649769464e+00	0.000000000000000000e+00
2.112056323604710517e+00	0.000000000000000000e+00
2.122643119559651570e+00	0.000000000000000000e+00
2.133229915514592623e+00	0.000000000000000000e+00
2.143816711469533676e+00	0.000000000000000000e+00
2.154403507424475173e+00	0.000000000000000000e+00
2.164990303379416225e+00	0.000000000000000000e+00
2.175577099334357278e+00	0.000000000000000000e+00
2.186163895289298331e+00	0.000000000000000000e+00
2.196750691244239384e+00	0.000000000000000000e+00
2.207337487199180437e+00	0.000000000000000000e+00
2.217924283154121490e+00	0.000000000000000000e+00
2.228511079109062987e+00	0.000000000000000000e+00
2.239097875064004040e+00	0.000000000000000000e+00
2.249684671018945092e+00	0.000000000000000000e+00
2.260271466973886145e+00	0.000000000000000000e+00
2.270858262928827198e+00	0.000000000000000000e+00
2.281445058883768251e+00	0.000000000000000000e+00
2.292031854838709304e+00	0.000000000000000000e+00
2.302618650793650801e+00	0.000000000000000000e+00
2.313205446748591854e+00	0.000000000000000000e+00
2.323792242703532906e+00	0.000000000000000000e+00
2.334379038658473959e+00	0.000000000000000000e+00
2.344965834613415012e+00	1.000000000000000000e+00
2.355552630568356065e+00	0.000000000000000000e+00
2.366139426523297118e+00	0.000000000000000000e+00
2.376726222478238615e+00	2.000000000000000000e+00
2.387313018433179668e+00	3.000000000000000000e+00
2.397899814388120721e+00	6.000000000000000000e+00
2.408486610343061773e+00	1.000000000000000000e+01
2.419073406298002826e+00	1.700000000000000000e+01
2.429660202252943879e+00	2.700000000000000000e+01
2.440246998207884932e+00	6.700000000000000000e+01
2.450833794162825985e+00	1.000000000000000000e+02
2.461420590117767482e+00	1.770000000000000000e+02
2.472007386072708535e+00	2.730000000000000000e+02
2.482594182027649587e+00	4.450000000000000000e+02
2.493180977982590640e+00	5.710000000000000000e+02
2.503767773937531693e+00	9.000000000000000000e+02
2.514354569892472746e+00	1.281000000000000000e+03
2.524941365847413799e+00	1.807000000000000000e+03
2.535528161802355296e+00	2.381000000000000000e+03
2.546114957757296349e+00	3.254000000000000000e+03
2.556701753712237402e+00	4.244000000000000000e+03
2.567288549667178454e+00	5.242000000000000000e+03
2.577875345622119507e+00	6.602000000000000000e+03
2.588462141577060560e+00	8.118000000000000000e+03
2.599048937532001613e+00	9.872000000000000000e+03
2.609635733486943110e+00	1.177600000000000000e+04
2.620222529441884163e+00	1.390000000000000000e+04
2.630809325396825216e+00	1.632600000000000000e+04
2.641396121351766269e+00	1.888000000000000000e+04
2.651982917306707321e+00	2.182800000000000000e+04
2.662569713261648374e+00	2.495600000000000000e+04
2.673156509216589427e+00	2.848800000000000000e+04
2.683743305171530924e+00	3.203900000000000000e+04
2.694330101126471977e+00	3.559400000000000000e+04
2.704916897081413030e+00	4.029000000000000000e+04
2.715503693036354083e+00	4.536500000000000000e+04
2.726090488991295135e+00	4.988000000000000000e+04
2.736677284946236188e+00	5.566800000000000000e+04
2.747264080901177241e+00	6.199400000000000000e+04
2.757850876856118738e+00	6.899600000000000000e+04
2.768437672811059791e+00	7.614800000000000000e+04
2.779024468766000844e+00	8.400500000000000000e+04
2.789611264720941897e+00	9.263100000000000000e+04
2.800198060675882950e+00	1.016630000000000000e+05
2.810784856630824002e+00	1.123260000000000000e+05
2.821371652585765055e+00	1.229710000000000000e+05
2.831958448540706552e+00	1.344470000000000000e+05
2.842545244495647605e+00	1.468760000000000000e+05
2.853132040450588658e+00	1.595640000000000000e+05
2.863718836405529711e+00	1.735670000000000000e+05
2.874305632360470764e+00	1.881500000000000000e+05
2.884892428315411816e+00	2.042540000000000000e+05
2.895479224270352869e+00	2.205460000000000000e+05
2.906066020225294366e+00	2.373090000000000000e+05
2.916652816180235419e+00	2.551590000000000000e+05
2.927239612135176472e+00	2.730240000000000000e+05
2.937826408090117525e+00	2.919050000000000000e+05
2.948413204045058578e+00	3.124510000000000000e+05
2.958999999999999631e+00	3.317510000000000000e+05
