5.411607142857142484e-03	0.000000000000000000e+00
1.625421786994367748e-02	0.000000000000000000e+00
2.709682859703020988e-02	0.000000000000000000e+00
3.793943932411674574e-02	0.000000000000000000e+00
4.878205005120327814e-02	0.000000000000000000e+00
5.962466077828981054e-02	0.000000000000000000e+00
7.046727150537634987e-02	0.000000000000000000e+00
8.130988223246288227e-02	0.000000000000000000e+00
9.215249295954941466e-02	0.000000000000000000e+00
1.029951036866359471e-01	0.000000000000000000e+00
1.138377144137224795e-01	0.000000000000000000e+00
1.246803251408090119e-01	0.000000000000000000e+00
1.355229358678955720e-01	0.000000000000000000e+00
1.463655465949821044e-01	0.000000000000000000e+00
1.572081573220686368e-01	0.000000000000000000e+00
1.680507680491551692e-01	0.000000000000000000e+00
1.788933787762417016e-01	0.000000000000000000e+00
1.897359895033282340e-01	0.000000000000000000e+00
2.005786002304147664e-01	0.000000000000000000e+00
2.114212109575012988e-01	0.000000000000000000e+00
2.222638216845878312e-01	0.000000000000000000e+00
2.331064324116743636e-01	0.000000000000000000e+00
2.439490431387608960e-01	0.000000000000000000e+00
2.547916538658474006e-01	0.000000000000000000e+00
2.656342645929339885e-01	0.000000000000000000e+00
2.764768753200205209e-01	0.000000000000000000e+00
2.873194860471070533e-01	0.000000000000000000e+00
2.981620967741935857e-01	0.000000000000000000e+00
3.090047075012801181e-01	0.000000000000000000e+00
3.198473182283666505e-01	0.000000000000000000e+00
3.306899289554531829e-01	0.000000000000000000e+00
3.415325396825397153e-01	0.000000000000000000e+00
3.523751504096262477e-01	0.000000000000000000e+00
3.632177611367127801e-01	0.000000000000000000e+00
3.740603718637993125e-01	0.000000000000000000e+00
3.849029825908858449e-01	0.000000000000000000e+00
3.957455933179723773e-01	0.000000000000000000e+00
4.065882040450589097e-01	0.000000000000000000e+00
4.174308147721454421e-01	0.000000000000000000e+00
4.282734254992319745e-01	0.000000000000000000e+00
4.391160362263185069e-01	0.000000000000000000e+00
4.499586469534050392e-01	0.000000000000000000e+00
4.608012576804915716e-01	0.000000000000000000e+00
4.716438684075781040e-01	0.000000000000000000e+00
4.824864791346646364e-01	0.000000000000000000e+00
4.933290898617511688e-01	0.000000000000000000e+00
5.041717005888376457e-01	0.000000000000000000e+00
5.150143113159242336e-01	0.000000000000000000e+00
5.258569220430108215e-01	0.000000000000000000e+00
5.366995327700972984e-01	0.000000000000000000e+00
5.475421434971838863e-01	0.000000000000000000e+00
5.583847542242703632e-01	0.000000000000000000e+00
5.692273649513569511e-01	0.000000000000000000e+00
5.800699756784434280e-01	0.000000000000000000e+00
5.909125864055300159e-01	0.000000000000000000e+00
6.017551971326164928e-01	0.000000000000000000e+00
6.125978078597030807e-01	0.000000000000000000e+00
6.234404185867895576e-01	0.000000000000000000e+00
6.342830293138761455e-01	0.000000000000000000e+00
6.451256400409626224e-01	0.000000000000000000e+00
6.559682507680492103e-01	0.000000000000000000e+00
6.668108614951356872e-01	0.000000000000000000e+00
6.776534722222222751e-01	0.000000000000000000e+00
6.884960829493087520e-01	0.000000000000000000e+00
6.993386936763953399e-01	0.000000000000000000e+00
7.101813044034819278e-01	0.000000000000000000e+00
7.210239151305684047e-01	0.000000000000000000e+00
7.318665258576549926e-01	0.000000000000000000e+00
7.427091365847414695e-01	0.000000000000000000e+00
7.535517473118280574e-01	0.000000000000000000e+00
7.643943580389145342e-01	0.000000000000000000e+00
7.752369687660011222e-01	0.000000000000000000e+00
7.860795794930875990e-01	0.000000000000000000e+00
7.969221902201741869e-01	0.000000000000000000e+00
8.077648009472606638e-01	0.000000000000000000e+00
8.186074116743472517e-01	0.000000000000000000e+00
8.294500224014337286e-01	0.000000000000000000e+00
8.402926331285203165e-01	0.000000000000000000e+00
8.511352438556067934e-01	0.000000000000000000e+00
8.619778545826933813e-01	0.000000000000000000e+00
8.728204653097798582e-01	0.000000000000000000e+00
8.836630760368664461e-01	0.000000000000000000e+00
8.945056867639529230e-01	0.000000000000000000e+00
9.053482974910395109e-01	0.000000000000000000e+00
9.161909082181259878e-01	0.000000000000000000e+00
9.270335189452125757e-01	0.000000000000000000e+00
9.378761296722990526e-01	0.000000000000000000e+00
9.487187403993856405e-01	0.000000000000000000e+00
9.595613511264721174e-01	0.000000000000000000e+00
9.704039618535587053e-01	0.000000000000000000e+00
9.812465725806451822e-01	0.000000000000000000e+00
9.920891833077317701e-01	0.000000000000000000e+00
1.002931794034818136e+00	0.000000000000000000e+00
1.013774404761904835e+00	0.000000000000000000e+00
1.024617015488991312e+00	0.000000000000000000e+00
1.035459626216077789e+00	0.000000000000000000e+00
1.046302236943164488e+00	0.000000000000000000e+00
1.057144847670250964e+00	0.000000000000000000e+00
1.067987458397337441e+00	0.000000000000000000e+00
1.078830069124424140e+00	0.000000000000000000e+00
1.089672679851510617e+00	0.000000000000000000e+00
1.100515290578597094e+00	0.000000000000000000e+00
1.111357901305683571e+00	0.000000000000000000e+00
1.122200512032770270e+00	0.000000000000000000e+00
1.133043122759856747e+00	0.000000000000000000e+00
1.143885733486943224e+00	0.000000000000000000e+00
1.154728344214029701e+00	0.000000000000000000e+00
1.165570954941116399e+00	0.000000000000000000e+00
1.176413565668202876e+00	0.000000000000000000e+00
1.187256176395289353e+00	0.000000000000000000e+00
1.198098787122375830e+00	0.000000000000000000e+00
1.208941397849462529e+00	0.000000000000000000e+00
1.219784008576549006e+00	0.000000000000000000e+00
1.230626619303635483e+00	0.000000000000000000e+00
1.241469230030721960e+00	0.000000000000000000e+00
1.252311840757808659e+00	0.000000000000000000e+00
1.263154451484895135e+00	0.000000000000000000e+00
1.273997062211981612e+00	0.000000000000000000e+00
1.284839672939068089e+00	0.000000000000000000e+00
1.295682283666154788e+00	0.000000000000000000e+00
1.306524894393241265e+00	0.000000000000000000e+00
1.317367505120327742e+00	0.000000000000000000e+00
1.328210115847414219e+00	0.000000000000000000e+00
1.339052726574500918e+00	0.000000000000000000e+00
1.349895337301587395e+00	0.000000000000000000e+00
1.360737948028673872e+00	0.000000000000000000e+00
1.371580558755760348e+00	0.000000000000000000e+00
1.382423169482847047e+00	0.000000000000000000e+00
1.393265780209933524e+00	0.000000000000000000e+00
1.404108390937020001e+00	0.000000000000000000e+00
1.414951001664106700e+00	0.000000000000000000e+00
1.425793612391193177e+00	0.000000000000000000e+00
1.436636223118279654e+00	0.000000000000000000e+00
1.447478833845366131e+00	0.000000000000000000e+00
1.458321444572452830e+00	0.000000000000000000e+00
1.469164055299539307e+00	0.000000000000000000e+00
1.480006666026625783e+00	0.000000000000000000e+00
1.490849276753712260e+00	0.000000000000000000e+00
1.501691887480798959e+00	0.000000000000000000e+00
1.512534498207885436e+00	0.000000000000000000e+00
1.523377108934971913e+00	0.000000000000000000e+00
1.534219719662058390e+00	0.000000000000000000e+00
1.545062330389145089e+00	0.000000000000000000e+00
1.555904941116231566e+00	0.000000000000000000e+00
1.566747551843318043e+00	0.000000000000000000e+00
1.577590162570404519e+00	0.000000000000000000e+00
1.588432773297491218e+00	0.000000000000000000e+00
1.599275384024577695e+00	0.000000000000000000e+00
1.610117994751664172e+00	0.000000000000000000e+00
1.620960605478750649e+00	0.000000000000000000e+00
1.631803216205837348e+00	0.000000000000000000e+00
1.642645826932923825e+00	0.000000000000000000e+00
1.653488437660010302e+00	0.000000000000000000e+00
1.664331048387096779e+00	0.000000000000000000e+00
1.675173659114183478e+00	0.000000000000000000e+00
1.686016269841269954e+00	0.000000000000000000e+00
1.696858880568356431e+00	0.000000000000000000e+00
1.707701491295442908e+00	0.000000000000000000e+00
1.718544102022529607e+00	0.000000000000000000e+00
1.729386712749616084e+00	0.000000000000000000e+00
1.740229323476702561e+00	0.000000000000000000e+00
1.751071934203789260e+00	0.000000000000000000e+00
1.761914544930875737e+00	0.000000000000000000e+00
1.772757155657962214e+00	0.000000000000000000e+00
1.783599766385048691e+00	0.000000000000000000e+00
1.794442377112135389e+00	0.000000000000000000e+00
1.805284987839221866e+00	0.000000000000000000e+00
1.816127598566308343e+00	0.000000000000000000e+00
1.826970209293394820e+00	0.000000000000000000e+00
1.837812820020481519e+00	0.000000000000000000e+00
1.848655430747567996e+00	0.000000000000000000e+00
1.859498041474654473e+00	0.000000000000000000e+00
1.870340652201740950e+00	0.000000000000000000e+00
1.881183262928827649e+00	0.000000000000000000e+00
1.892025873655914125e+00	0.000000000000000000e+00
1.902868484383000602e+00	0.000000000000000000e+00
1.913711095110087079e+00	0.000000000000000000e+00
1.924553705837173778e+00	0.000000000000000000e+00
1.935396316564260255e+00	0.000000000000000000e+00
1.946238927291346732e+00	0.000000000000000000e+00
1.957081538018433209e+00	0.000000000000000000e+00
1.967924148745519908e+00	0.000000000000000000e+00
1.978766759472606385e+00	0.000000000000000000e+00
1.989609370199692862e+00	0.000000000000000000e+00
2.000451980926779338e+00	0.000000000000000000e+00
2.011294591653865815e+00	0.000000000000000000e+00
2.022137202380952292e+00	0.000000000000000000e+00
2.032979813108038769e+00	0.000000000000000000e+00
2.043822423835125246e+00	0.000000000000000000e+00
2.054665034562211723e+00	0.000000000000000000e+00
2.065507645289298200e+00	0.000000000000000000e+00
2.076350256016385121e+00	0.000000000000000000e+00
2.087192866743471598e+00	0.000000000000000000e+00
2.098035477470558074e+00	0.000000000000000000e+00
2.108878088197644551e+00	0.000000000000000000e+00
2.119720698924731028e+00	0.000000000000000000e+00
2.130563309651817505e+00	0.000000000000000000e+00
2.141405920378903982e+00	0.000000000000000000e+00
2.152248531105990903e+00	0.000000000000000000e+00
2.163091141833077380e+00	0.000000000000000000e+00
2.173933752560163857e+00	0.000000000000000000e+00
2.184776363287250334e+00	0.000000000000000000e+00
2.195618974014336811e+00	0.000000000000000000e+00
2.206461584741423287e+00	0.000000000000000000e+00
2.217304195468509764e+00	0.000000000000000000e+00
2.228146806195596241e+00	0.000000000000000000e+00
2.238989416922683162e+00	0.000000000000000000e+00
2.249832027649769639e+00	0.000000000000000000e+00
2.260674638376856116e+00	0.000000000000000000e+00
2.271517249103942593e+00	0.000000000000000000e+00
2.282359859831029070e+00	0.000000000000000000e+00
2.293202470558115547e+00	0.000000000000000000e+00
2.304045081285202023e+00	0.000000000000000000e+00
2.314887692012288500e+00	0.000000000000000000e+00
2.325730302739375421e+00	0.000000000000000000e+00
2.336572913466461898e+00	0.000000000000000000e+00
2.347415524193548375e+00	0.000000000000000000e+00
2.358258134920634852e+00	0.000000000000000000e+00
2.369100745647721329e+00	0.000000000000000000e+00
2.379943356374807806e+00	0.000000000000000000e+00
2.390785967101894283e+00	0.000000000000000000e+00
2.401628577828980760e+00	0.000000000000000000e+00
2.412471188556067681e+00	0.000000000000000000e+00
2.423313799283154157e+00	0.000000000000000000e+00
2.434156410010240634e+00	0.000000000000000000e+00
2.444999020737327111e+00	0.000000000000000000e+00
2.455841631464413588e+00	0.000000000000000000e+00
2.466684242191500065e+00	1.000000000000000000e+00
2.477526852918586542e+00	2.000000000000000000e+00
2.488369463645673463e+00	5.000000000000000000e+00
2.499212074372759940e+00	5.000000000000000000e+00
2.510054685099846417e+00	1.300000000000000000e+01
2.520897295826932893e+00	2.400000000000000000e+01
2.531739906554019370e+00	4.800000000000000000e+01
2.542582517281105847e+00	9.800000000000000000e+01
2.553425128008192324e+00	1.240000000000000000e+02
2.564267738735278801e+00	2.180000000000000000e+02
2.575110349462365722e+00	3.610000000000000000e+02
2.585952960189452199e+00	5.440000000000000000e+02
2.596795570916538676e+00	8.500000000000000000e+02
2.607638181643625153e+00	1.295000000000000000e+03
2.618480792370711630e+00	1.952000000000000000e+03
2.629323403097798106e+00	2.695000000000000000e+03
2.640166013824884583e+00	3.720000000000000000e+03
2.651008624551971060e+00	5.235000000000000000e+03
2.661851235279057981e+00	7.049000000000000000e+03
2.672693846006144458e+00	9.303000000000000000e+03
2.683536456733230935e+00	1.247300000000000000e+04
2.694379067460317412e+00	1.591200000000000000e+04
2.705221678187403889e+00	2.082700000000000000e+04
2.716064288914490366e+00	2.586400000000000000e+04
2.726906899641576842e+00	3.232500000000000000e+04
2.737749510368663319e+00	3.976600000000000000e+04
2.748592121095750240e+00	4.822500000000000000e+04
2.759434731822836717e+00	5.790400000000000000e+04
2.770277342549923194e+00	6.958900000000000000e+04
2.781119953277009671e+00	8.271400000000000000e+04
2.791962564004096148e+00	9.713800000000000000e+04
2.802805174731182625e+00	1.126220000000000000e+05
2.813647785458269102e+00	1.308700000000000000e+05
2.824490396185356023e+00	1.496650000000000000e+05
2.835333006912442499e+00	1.715910000000000000e+05
2.846175617639528976e+00	1.944560000000000000e+05
2.857018228366615453e+00	2.182490000000000000e+05
2.867860839093701930e+00	2.456760000000000000e+05
2.878703449820788407e+00	2.742160000000000000e+05
2.889546060547874884e+00	3.039260000000000000e+05
2.900388671274961361e+00	3.340610000000000000e+05
2.911231282002048282e+00	3.678190000000000000e+05
2.922073892729134759e+00	4.012340000000000000e+05
2.932916503456221236e+00	4.360890000000000000e+05
2.943759114183307712e+00	4.714320000000000000e+05
2.954601724910394189e+00	5.094520000000000000e+05
2.965444335637480666e+00	5.465700000000000000e+05
2.976286946364567143e+00	5.836990000000000000e+05
2.987129557091653620e+00	6.216680000000000000e+05
2.997972167818740541e+00	6.591440000000000000e+05
3.008814778545827018e+00	6.945600000000000000e+05
3.019657389272913495e+00	7.327030000000000000e+05
3.030499999999999972e+00	7.686590000000000000e+05
