5.563392857142857029e-03	0.000000000000000000e+00
1.671011904761905004e-02	0.000000000000000000e+00
2.785684523809523958e-02	0.000000000000000000e+00
3.900357142857142911e-02	0.000000000000000000e+00
5.015029761904762212e-02	0.000000000000000000e+00
6.129702380952381513e-02	0.000000000000000000e+00
7.244375000000000120e-02	0.000000000000000000e+00
8.359047619047620115e-02	0.000000000000000000e+00
9.473720238095238722e-02	0.000000000000000000e+00
1.058839285714285733e-01	1.000000000000000000e+00
1.170306547619047732e-01	0.000000000000000000e+00
1.281773809523809593e-01	0.000000000000000000e+00
1.393241071428571454e-01	0.000000000000000000e+00
1.504708333333333314e-01	0.000000000000000000e+00
1.616175595238095453e-01	0.000000000000000000e+00
1.727642857142857313e-01	0.000000000000000000e+00
1.839110119047619174e-01	1.000000000000000000e+00
1.950577380952381035e-01	1.000000000000000000e+00
2.062044642857142895e-01	2.000000000000000000e+00
2.173511904761905034e-01	0.000000000000000000e+00
2.284979166666666894e-01	1.000000000000000000e+00
2.396446428571428755e-01	1.000000000000000000e+00
2.507913690476190616e-01	2.000000000000000000e+00
2.619380952380952476e-01	1.000000000000000000e+00
2.730848214285714337e-01	2.000000000000000000e+00
2.842315476190476198e-01	2.000000000000000000e+00
2.953782738095238058e-01	1.000000000000000000e+00
3.065250000000000474e-01	2.000000000000000000e+00
3.176717261904762335e-01	2.000000000000000000e+00
3.288184523809524196e-01	1.000000000000000000e+00
3.399651785714286056e-01	3.000000000000000000e+00
3.511119047619047917e-01	3.000000000000000000e+00
3.622586309523809778e-01	4.000000000000000000e+00
3.734053571428571638e-01	2.000000000000000000e+00
3.845520833333333499e-01	3.000000000000000000e+00
3.956988095238095360e-01	5.000000000000000000e+00
4.068455357142857221e-01	2.000000000000000000e+00
4.179922619047619081e-01	4.000000000000000000e+00
4.291389880952381497e-01	2.000000000000000000e+00
4.402857142857143358e-01	3.000000000000000000e+00
4.514324404761905218e-01	9.000000000000000000e+00
4.625791666666667079e-01	1.000000000000000000e+00
4.737258928571428940e-01	3.000000000000000000e+00
4.848726190476190800e-01	5.000000000000000000e+00
4.960193452380952661e-01	4.000000000000000000e+00
5.071660714285715077e-01	2.000000000000000000e+00
5.183127976190475827e-01	1.000000000000000000e+00
5.294595238095238798e-01	6.000000000000000000e+00
5.406062499999999549e-01	8.000000000000000000e+00
5.517529761904762520e-01	5.000000000000000000e+00
5.628997023809523270e-01	3.000000000000000000e+00
5.740464285714286241e-01	5.000000000000000000e+00
5.851931547619046992e-01	3.000000000000000000e+00
5.963398809523809962e-01	4.000000000000000000e+00
6.074866071428572933e-01	7.000000000000000000e+00
6.186333333333333684e-01	6.000000000000000000e+00
6.297800595238096655e-01	7.000000000000000000e+00
6.409267857142857405e-01	9.000000000000000000e+00
6.520735119047620376e-01	6.000000000000000000e+00
6.632202380952381127e-01	7.000000000000000000e+00
6.743669642857144098e-01	7.000000000000000000e+00
6.855136904761904848e-01	6.000000000000000000e+00
6.966604166666667819e-01	9.000000000000000000e+00
7.078071428571428569e-01	6.000000000000000000e+00
7.189538690476191540e-01	1.400000000000000000e+01
7.301005952380952291e-01	1.100000000000000000e+01
7.412473214285715262e-01	1.200000000000000000e+01
7.523940476190476012e-01	8.000000000000000000e+00
7.635407738095238983e-01	1.200000000000000000e+01
7.746874999999999734e-01	1.200000000000000000e+01
7.858342261904762704e-01	1.300000000000000000e+01
7.969809523809523455e-01	1.700000000000000000e+01
8.081276785714286426e-01	1.300000000000000000e+01
8.192744047619047176e-01	6.000000000000000000e+00
8.304211309523810147e-01	1.400000000000000000e+01
8.415678571428573118e-01	1.000000000000000000e+01
8.527145833333333869e-01	1.400000000000000000e+01
8.638613095238096840e-01	1.700000000000000000e+01
8.750080357142857590e-01	1.200000000000000000e+01
8.861547619047620561e-01	1.500000000000000000e+01
8.973014880952381311e-01	1.800000000000000000e+01
9.084482142857144282e-01	1.000000000000000000e+01
9.195949404761905033e-01	1.700000000000000000e+01
9.307416666666668004e-01	7.000000000000000000e+00
9.418883928571428754e-01	1.700000000000000000e+01
9.530351190476191725e-01	1.000000000000000000e+01
9.641818452380952476e-01	1.100000000000000000e+01
9.753285714285715446e-01	1.700000000000000000e+01
9.864752976190476197e-01	2.000000000000000000e+01
9.976220238095239168e-01	1.300000000000000000e+01
1.008768749999999992e+00	1.600000000000000000e+01
1.019915476190476289e+00	1.500000000000000000e+01
1.031062202380952364e+00	1.500000000000000000e+01
1.042208928571428661e+00	2.500000000000000000e+01
1.053355654761904736e+00	1.200000000000000000e+01
1.064502380952381033e+00	1.500000000000000000e+01
1.075649107142857108e+00	2.600000000000000000e+01
1.086795833333333405e+00	3.200000000000000000e+01
1.097942559523809480e+00	2.000000000000000000e+01
1.109089285714285777e+00	2.400000000000000000e+01
1.120236011904761853e+00	2.200000000000000000e+01
1.131382738095238150e+00	2.200000000000000000e+01
1.142529464285714225e+00	2.400000000000000000e+01
1.153676190476190522e+00	2.400000000000000000e+01
1.164822916666666597e+00	1.700000000000000000e+01
1.175969642857142894e+00	1.500000000000000000e+01
1.187116369047618969e+00	2.300000000000000000e+01
1.198263095238095266e+00	2.200000000000000000e+01
1.209409821428571563e+00	2.400000000000000000e+01
1.220556547619047638e+00	3.100000000000000000e+01
1.231703273809523935e+00	1.600000000000000000e+01
1.242850000000000010e+00	3.300000000000000000e+01
1.253996726190476307e+00	2.100000000000000000e+01
1.265143452380952382e+00	2.600000000000000000e+01
1.276290178571428680e+00	3.300000000000000000e+01
1.287436904761904755e+00	2.300000000000000000e+01
1.298583630952381052e+00	3.000000000000000000e+01
1.309730357142857127e+00	1.600000000000000000e+01
1.320877083333333424e+00	4.000000000000000000e+01
1.332023809523809499e+00	2.700000000000000000e+01
1.343170535714285796e+00	3.600000000000000000e+01
1.354317261904761871e+00	3.200000000000000000e+01
1.365463988095238168e+00	2.500000000000000000e+01
1.376610714285714243e+00	3.300000000000000000e+01
1.387757440476190540e+00	2.300000000000000000e+01
1.398904166666666615e+00	3.400000000000000000e+01
1.410050892857142912e+00	3.300000000000000000e+01
1.421197619047618987e+00	4.700000000000000000e+01
1.432344345238095285e+00	3.700000000000000000e+01
1.443491071428571582e+00	4.900000000000000000e+01
1.454637797619047657e+00	3.900000000000000000e+01
1.465784523809523954e+00	4.000000000000000000e+01
1.476931250000000029e+00	3.500000000000000000e+01
1.488077976190476326e+00	3.700000000000000000e+01
1.499224702380952401e+00	3.700000000000000000e+01
1.510371428571428698e+00	4.100000000000000000e+01
1.521518154761904773e+00	4.500000000000000000e+01
1.532664880952381070e+00	3.200000000000000000e+01
1.543811607142857145e+00	4.300000000000000000e+01
1.554958333333333442e+00	3.300000000000000000e+01
1.566105059523809517e+00	4.700000000000000000e+01
1.577251785714285814e+00	4.100000000000000000e+01
1.588398511904761889e+00	3.700000000000000000e+01
1.599545238095238187e+00	4.000000000000000000e+01
1.610691964285714262e+00	4.600000000000000000e+01
1.621838690476190559e+00	5.700000000000000000e+01
1.632985416666666634e+00	3.900000000000000000e+01
1.644132142857142931e+00	5.700000000000000000e+01
1.655278869047619006e+00	3.900000000000000000e+01
1.666425595238095303e+00	4.700000000000000000e+01
1.677572321428571600e+00	3.600000000000000000e+01
1.688719047619047675e+00	5.300000000000000000e+01
1.699865773809523972e+00	5.000000000000000000e+01
1.711012500000000047e+00	5.800000000000000000e+01
1.722159226190476344e+00	4.000000000000000000e+01
1.733305952380952419e+00	5.800000000000000000e+01
1.744452678571428716e+00	5.100000000000000000e+01
1.755599404761904792e+00	6.200000000000000000e+01
1.766746130952381089e+00	6.700000000000000000e+01
1.777892857142857164e+00	5.600000000000000000e+01
1.789039583333333461e+00	5.600000000000000000e+01
1.800186309523809536e+00	6.700000000000000000e+01
1.811333035714285833e+00	3.800000000000000000e+01
1.822479761904761908e+00	4.700000000000000000e+01
1.833626488095238205e+00	7.100000000000000000e+01
1.844773214285714280e+00	6.700000000000000000e+01
1.855919940476190577e+00	5.600000000000000000e+01
1.867066666666666652e+00	5.300000000000000000e+01
1.878213392857142949e+00	6.300000000000000000e+01
1.889360119047619024e+00	5.800000000000000000e+01
1.900506845238095321e+00	6.700000000000000000e+01
1.911653571428571619e+00	6.800000000000000000e+01
1.922800297619047694e+00	6.700000000000000000e+01
1.933947023809523991e+00	6.400000000000000000e+01
1.945093750000000066e+00	5.500000000000000000e+01
1.956240476190476363e+00	6.000000000000000000e+01
1.967387202380952438e+00	7.400000000000000000e+01
1.978533928571428735e+00	8.300000000000000000e+01
1.989680654761904810e+00	5.900000000000000000e+01
2.000827380952381329e+00	6.400000000000000000e+01
2.011974107142857182e+00	7.100000000000000000e+01
2.023120833333333479e+00	8.500000000000000000e+01
2.034267559523809776e+00	6.800000000000000000e+01
2.045414285714285629e+00	6.300000000000000000e+01
2.056561011904761926e+00	6.800000000000000000e+01
2.067707738095238224e+00	6.800000000000000000e+01
2.078854464285714521e+00	8.000000000000000000e+01
2.090001190476190374e+00	8.600000000000000000e+01
2.101147916666666671e+00	8.000000000000000000e+01
2.112294642857142968e+00	6.900000000000000000e+01
2.123441369047619265e+00	6.300000000000000000e+01
2.134588095238095118e+00	7.800000000000000000e+01
2.145734821428571415e+00	7.400000000000000000e+01
2.156881547619047712e+00	8.300000000000000000e+01
2.168028273809524009e+00	6.900000000000000000e+01
2.179175000000000306e+00	9.700000000000000000e+01
2.190321726190476159e+00	7.800000000000000000e+01
2.201468452380952456e+00	9.500000000000000000e+01
2.212615178571428753e+00	6.400000000000000000e+01
2.223761904761905051e+00	8.800000000000000000e+01
2.234908630952380904e+00	7.600000000000000000e+01
2.246055357142857201e+00	8.300000000000000000e+01
2.257202083333333498e+00	7.900000000000000000e+01
2.268348809523809795e+00	7.700000000000000000e+01
2.279495535714285648e+00	9.400000000000000000e+01
2.290642261904761945e+00	8.800000000000000000e+01
2.301788988095238242e+00	9.500000000000000000e+01
2.312935714285714539e+00	9.500000000000000000e+01
2.324082440476190392e+00	9.000000000000000000e+01
2.335229166666666689e+00	8.500000000000000000e+01
2.346375892857142986e+00	1.110000000000000000e+02
2.357522619047619283e+00	1.110000000000000000e+02
2.368669345238095136e+00	1.080000000000000000e+02
2.379816071428571433e+00	1.080000000000000000e+02
2.390962797619047731e+00	1.130000000000000000e+02
2.402109523809524028e+00	9.900000000000000000e+01
2.413256250000000325e+00	1.010000000000000000e+02
2.424402976190476178e+00	1.110000000000000000e+02
2.435549702380952475e+00	9.900000000000000000e+01
2.446696428571428772e+00	1.080000000000000000e+02
2.457843154761905069e+00	9.400000000000000000e+01
2.468989880952380922e+00	1.190000000000000000e+02
2.480136607142857219e+00	1.070000000000000000e+02
2.491283333333333516e+00	9.700000000000000000e+01
2.502430059523809813e+00	1.090000000000000000e+02
2.513576785714285666e+00	1.200000000000000000e+02
2.524723511904761963e+00	1.320000000000000000e+02
2.535870238095238260e+00	1.370000000000000000e+02
2.547016964285714558e+00	1.480000000000000000e+02
2.558163690476190411e+00	1.620000000000000000e+02
2.569310416666666708e+00	1.800000000000000000e+02
2.580457142857143005e+00	2.250000000000000000e+02
2.591603869047619302e+00	3.090000000000000000e+02
2.602750595238095155e+00	3.890000000000000000e+02
2.613897321428571452e+00	5.470000000000000000e+02
2.625044047619047749e+00	7.990000000000000000e+02
2.636190773809524046e+00	1.117000000000000000e+03
2.647337500000000343e+00	1.454000000000000000e+03
2.658484226190476196e+00	2.040000000000000000e+03
2.669630952380952493e+00	2.881000000000000000e+03
2.680777678571428790e+00	3.920000000000000000e+03
2.691924404761905087e+00	5.262000000000000000e+03
2.703071130952380940e+00	6.933000000000000000e+03
2.714217857142857238e+00	9.005000000000000000e+03
2.725364583333333535e+00	1.177400000000000000e+04
2.736511309523809832e+00	1.485800000000000000e+04
2.747658035714285685e+00	1.900200000000000000e+04
2.758804761904761982e+00	2.386600000000000000e+04
2.769951488095238279e+00	2.904000000000000000e+04
2.781098214285714576e+00	3.547200000000000000e+04
2.792244940476190429e+00	4.338000000000000000e+04
2.803391666666666726e+00	5.202400000000000000e+04
2.814538392857143023e+00	6.157900000000000000e+04
2.825685119047619320e+00	7.339600000000000000e+04
2.836831845238095173e+00	8.668000000000000000e+04
2.847978571428571470e+00	1.007230000000000000e+05
2.859125297619047767e+00	1.181670000000000000e+05
2.870272023809524065e+00	1.362450000000000000e+05
2.881418750000000362e+00	1.573450000000000000e+05
2.892565476190476215e+00	1.787660000000000000e+05
2.903712202380952512e+00	2.039340000000000000e+05
2.914858928571428809e+00	2.305390000000000000e+05
2.926005654761905106e+00	2.611890000000000000e+05
2.937152380952380959e+00	2.935800000000000000e+05
2.948299107142857256e+00	3.276440000000000000e+05
2.959445833333333553e+00	3.649070000000000000e+05
2.970592559523809850e+00	4.048760000000000000e+05
2.981739285714285703e+00	4.492400000000000000e+05
2.992886011904762000e+00	4.942610000000000000e+05
3.004032738095238297e+00	5.423310000000000000e+05
3.015179464285714594e+00	5.947610000000000000e+05
3.026326190476190447e+00	6.484100000000000000e+05
3.037472916666666745e+00	7.062060000000000000e+05
3.048619642857143042e+00	7.651100000000000000e+05
3.059766369047619339e+00	8.282110000000000000e+05
3.070913095238095192e+00	8.935360000000000000e+05
3.082059821428571489e+00	9.627280000000000000e+05
3.093206547619047786e+00	1.034553000000000000e+06
3.104353273809524083e+00	1.107394000000000000e+06
3.115499999999999936e+00	1.183120000000000000e+06
